encoding time 773.352738
0.00 2.05
0.64 2.05
1.54 1.61
5.21 1.61
5.45 1.61
6.38 1.61
7.89 1.67
8.59 1.83
8.91 1.83
15.48 1.61
20.26 1.61
20.39 1.61
21.12 1.61
21.77 1.61
22.41 1.61
23.62 2.12
24.88 1.61
27.88 1.61
35.06 1.61
36.90 1.61
37.86 2.15
39.79 1.61
42.76 1.61
43.54 1.61
44.54 1.61
44.94 1.61
49.82 1.61
50.05 2.05
52.95 1.61
54.39 1.61
61.60 1.82
62.47 1.82
64.20 1.61
65.05 1.61
68.00 1.61
68.44 1.64
70.39 1.61
70.15 2.27
70.45 2.02
80.59 1.61
85.29 1.64
86.56 1.61
88.20 1.61
91.05 1.61
91.76 1.61
93.40 1.61
93.36 1.81
94.58 1.61
97.26 1.61
102.76 1.61
103.41 1.61
106.89 1.61
109.77 1.61
109.94 1.91
111.18 1.82
113.34 2.65
113.79 2.64
114.75 2.00
115.82 1.61
117.40 1.84
117.73 1.61
122.21 1.61
124.88 1.61
130.19 1.61
133.49 1.61
132.97 2.38
133.12 2.38
134.69 1.61
135.50 1.61
135.57 1.61
137.39 1.61
138.79 1.61
139.57 1.61
142.69 1.61
142.95 1.61
149.74 1.61
151.33 1.61
158.60 1.61
159.18 1.61
160.42 1.61
161.74 1.61
169.56 1.61
170.56 1.61
172.30 1.61
172.45 1.77
172.79 1.61
175.06 1.81
183.04 1.61
184.02 1.61
184.08 1.61
185.51 1.61
188.29 1.61
188.84 1.61
189.36 1.61
191.50 1.61
195.73 1.61
196.32 1.68
198.71 1.61
199.05 1.61
199.41 1.61
199.99 1.61
204.77 1.61
206.00 2.23
207.55 2.06
207.99 2.63
210.27 2.54
212.34 2.17
216.37 2.89
217.92 2.10
219.25 2.12
221.02 2.61
222.58 2.33
224.76 1.61
224.15 2.89
225.22 2.99
225.92 2.82
229.08 1.61
233.29 1.61
233.31 2.15
235.18 1.61
234.95 2.15
236.26 1.98
243.37 1.61
244.22 1.87
245.46 1.65
246.55 1.94
250.98 2.18
252.73 1.76
254.18 2.56
256.41 1.93
256.76 2.19
256.98 2.95
258.33 2.42
259.22 1.84
259.39 2.17
259.75 2.40
259.71 2.49
265.23 1.61
266.41 1.79
267.97 1.61
266.46 3.40
279.55 2.42
279.94 2.42
284.90 1.61
286.72 2.27
288.62 1.61
289.11 2.15
288.03 3.24
291.70 1.82
294.23 2.98
298.40 2.05
301.22 1.61
303.04 1.74
303.20 1.61
304.30 2.14
305.50 1.80
306.03 1.82
305.70 2.46
306.57 1.96
307.62 1.76
309.04 1.61
311.63 2.27
312.48 1.61
315.20 1.61
316.47 2.20
317.70 2.07
317.46 3.17
317.75 3.02
318.23 2.82
323.13 2.03
326.94 2.15
331.31 2.15
330.55 3.11
335.23 2.01
334.67 2.68
340.31 1.61
340.36 2.87
346.26 2.15
348.79 2.15
349.91 2.15
350.29 2.80
356.45 1.73
359.60 1.98
359.48 2.43
361.41 2.15
363.38 2.28
363.99 2.04
365.15 2.19
369.19 1.70
373.12 2.50
374.32 2.30
374.80 2.29
375.55 1.61
376.94 1.61
377.25 2.26
379.21 1.95
383.39 1.64
382.79 3.24
391.29 1.61
391.00 2.33
391.95 2.14
393.10 1.98
395.26 1.61
395.29 2.54
396.16 2.15
395.64 2.73
395.92 3.65
396.96 3.01
400.95 2.55
401.23 2.55
409.41 3.92
411.20 2.66
412.82 1.97
415.39 2.15
416.35 1.61
417.13 2.33
418.00 1.61
420.08 1.61
420.21 3.15
422.35 3.42
427.60 2.39
431.11 3.53
434.42 1.67
436.64 2.19
436.08 2.79
440.19 2.83
440.59 2.92
447.37 1.61
452.06 2.15
456.75 2.83
458.02 2.01
458.80 1.95
461.80 2.15
464.09 1.74
464.11 2.12
466.09 2.10
466.45 1.97
469.14 1.61
473.80 2.51
474.75 1.91
475.17 1.61
477.80 3.20
477.03 4.17
479.37 2.69
480.03 2.06
484.52 2.04
488.28 2.51
489.29 2.15
490.52 2.48
493.37 2.08
493.84 2.77
502.66 1.85
502.80 1.71
502.96 2.06
503.89 2.17
509.56 2.10
512.83 1.74
512.77 2.15
513.46 1.61
519.51 1.61
520.72 1.61
521.22 2.50
529.57 1.61
532.04 1.61
531.38 2.96
536.04 1.73
537.91 2.15
538.67 1.70
541.06 2.52
543.23 1.97
546.34 1.68
546.33 1.95
547.99 2.71
548.44 2.34
548.44 2.50
549.43 1.78
550.96 1.63
550.84 2.88
555.85 2.20
556.56 2.67
557.34 2.74
558.59 1.76
563.07 2.32
563.73 2.82
564.99 1.64
567.95 2.15
568.62 2.12
569.16 1.61
570.29 2.26
572.13 2.45
578.35 2.15
578.62 2.15
579.06 2.23
580.52 1.69
581.80 3.12
586.06 2.15
585.67 3.54
588.27 1.70
587.56 2.43
588.48 2.15
588.88 2.47
589.35 2.35
596.13 1.61
595.70 3.29
595.86 3.29
597.04 2.41
598.82 1.61
601.11 2.08
602.34 2.15
604.24 2.05
608.28 2.87
609.61 1.69
610.26 1.61
611.59 1.61
612.18 1.98
611.95 2.27
612.13 2.51
612.22 2.52
613.45 1.99
613.61 2.17
620.02 2.19
622.21 2.56
623.11 2.32
626.44 1.70
631.85 1.77
633.29 2.15
633.94 1.66
633.37 2.35
633.96 1.81
633.11 2.74
634.78 1.86
637.10 2.15
639.11 2.12
641.86 3.27
642.26 2.94
642.38 3.08
643.64 2.29
650.41 2.03
650.75 2.46
651.82 1.61
651.16 2.74
651.78 2.36
653.84 1.61
656.88 2.78
657.60 4.01
659.14 2.49
660.52 1.63
660.96 2.60
661.12 2.64
661.91 2.09
663.58 2.69
666.37 2.60
670.80 2.24
673.94 1.61
674.60 1.61
675.15 2.13
675.95 2.41
683.03 1.61
681.72 3.12
682.90 2.73
683.37 2.29
686.53 1.61
689.20 2.62
690.39 2.26
690.82 2.38
692.78 1.64
691.96 3.09
693.60 2.45
699.89 1.81
698.76 3.01
700.45 2.07
700.58 2.82
707.27 2.27
707.61 2.34
707.60 2.83
708.25 2.84
709.81 1.61
711.07 2.21
712.02 1.61
713.17 2.09
714.97 1.71
718.88 1.61
724.91 2.52
730.95 1.61
731.15 2.49
734.53 2.02
735.65 1.61
736.64 1.83
739.56 1.61
740.24 1.96
743.36 1.61
745.98 1.61
748.34 1.61
749.45 1.61
753.44 1.82
755.20 1.61
756.56 1.61
757.46 1.61
758.33 1.61
759.26 1.61
761.33 2.10
762.10 1.61
764.20 1.61
764.77 1.61
764.90 1.84
766.41 1.64
767.45 1.61
769.23 1.61
770.84 1.61
771.05 1.61
773.66 1.61
773.69 1.61
775.88 1.61
777.00 1.61
777.73 1.61
781.83 1.61
783.47 1.61
786.93 1.61
786.98 1.61
788.83 1.95
791.77 1.61
791.60 2.62
794.29 1.61
795.97 1.61
801.92 1.61
806.89 2.05
807.33 2.05
808.01 1.61
816.78 1.61
817.41 1.61
819.31 1.61
826.09 1.61
827.71 1.65
831.23 1.61
833.01 1.61
834.06 1.61
835.52 1.97
835.88 1.97
836.09 2.15
840.57 1.61
840.59 1.61
843.65 1.61
844.71 1.61
847.25 1.61
848.03 1.61
848.96 1.61
849.58 1.61
856.35 1.61
860.88 2.01
861.56 2.01
862.81 1.61
864.22 1.61
867.16 1.61
868.88 1.61
876.40 1.61
877.29 1.61
880.54 1.61
884.42 1.61
888.89 1.61
895.00 1.61
899.36 1.61
902.71 1.61
903.83 1.61
905.30 1.61
909.51 1.61
909.77 1.61
912.50 1.61
915.22 1.61
919.34 1.61
921.08 1.61
925.72 1.61
926.61 1.61
928.27 1.61
930.13 1.61
930.83 1.61
931.55 1.61
932.55 1.61
938.24 1.61
938.34 1.61
944.29 1.70
947.53 1.61
947.73 1.61
950.72 2.07
953.08 1.61
953.59 1.61
955.42 1.61
957.46 1.61
960.95 1.64
960.98 1.64
961.16 1.61
961.47 1.82
961.69 1.61
967.83 1.61
969.77 1.61
970.36 1.61
970.37 1.62
973.75 1.61
974.86 1.61
984.32 1.61
986.84 1.61
990.65 1.61
992.01 1.61
994.87 1.73
995.29 1.73
996.79 1.61
999.64 1.61
999.72 1.61
1007.20 1.61
1007.51 1.61
1008.67 1.83
1009.49 1.61
1011.33 1.61
1012.86 1.61
1013.74 1.61
1014.34 1.61
1015.88 1.61
1015.89 2.42
1017.17 1.61
1017.14 1.94
1018.58 1.61
1022.77 1.61
1025.51 1.61
1025.52 1.61
1029.72 1.61
1030.51 1.86
1033.34 1.61
1033.54 1.61
1033.40 2.13
1033.97 1.61
1034.20 1.61
1034.96 1.61
1036.39 1.61
1038.26 1.61
1038.52 1.61
1041.47 1.61
1045.10 1.61
1046.01 1.61
1059.19 1.61
1059.58 1.66
1059.80 2.08
1060.90 1.61
1062.91 1.61
1063.13 1.61
1067.32 1.61
1068.11 1.61
1069.66 1.61
1070.54 1.61
1072.37 1.68
1075.38 1.61
1077.49 1.61
1077.51 1.61
1080.84 1.61
1081.06 1.61
1081.69 1.61
1082.03 1.68
1082.11 1.61
1084.08 1.61
1084.32 1.61
1085.90 1.61
1089.87 1.61
1098.66 1.61
1099.76 1.61
1101.21 1.61
1103.55 1.61
1104.02 1.61
1111.75 1.99
1112.51 2.69
1114.16 1.61
1119.05 1.61
1120.76 1.61
1128.63 2.08
1140.93 1.61
1142.38 1.61
1143.62 1.61
1144.42 1.61
1147.86 1.61
1148.19 1.61
1154.03 1.61
1155.03 1.61
1159.43 1.61
1160.34 1.61
1160.97 1.61
1172.43 1.61
1172.75 1.61
1173.22 1.61
1177.11 1.61
1178.44 1.61
1178.90 1.61
1180.17 1.61
1181.58 1.61
1185.26 1.61
1185.56 1.61
1191.40 1.61
1191.83 1.61
1194.43 1.61
1196.55 1.61
1200.74 1.61
1204.12 1.65
1205.33 1.61
1206.14 1.61
1212.21 1.61
1212.93 1.61
1214.37 1.61
1215.73 1.61
1215.94 1.61
1216.45 2.11
1219.36 1.61
1220.66 1.91
1222.31 1.61
1223.45 2.13
1224.78 1.61
1226.75 1.61
1226.89 1.61
1227.74 1.61
1227.49 2.10
1229.32 1.61
1229.27 2.04
1231.44 1.96
1231.93 1.61
1231.09 2.50
1233.23 1.61
1235.87 2.03
1237.39 1.67
1237.87 1.67
1237.96 1.61
1240.96 1.61
1244.16 1.61
1244.74 2.15
1246.79 1.61
1250.33 1.61
1253.62 2.80
1253.80 2.71
1256.24 1.61
1256.74 1.61
1260.56 2.09
1261.74 1.61
1265.41 1.61
1266.84 1.61
1267.12 1.61
1267.78 1.61
1268.69 1.86
1272.16 1.61
1272.87 2.60
1276.43 1.80
1276.54 1.74
1279.04 2.39
1280.20 1.61
1280.92 1.61
1283.98 1.61
1285.05 1.61
1285.32 1.61
1287.07 1.61
1289.36 1.61
1290.58 1.61
1294.39 1.85
1294.70 1.85
1295.44 1.61
1297.52 1.61
1298.46 1.61
1299.68 1.61
1299.89 1.61
1306.54 2.15
1308.91 1.61
1310.66 1.79
1310.91 1.61
1314.04 1.61
1315.93 1.61
1315.87 2.41
1318.61 1.61
1323.80 1.61
1324.24 1.61
1325.08 1.61
1329.51 1.61
1329.57 1.61
1330.34 1.61
1331.07 1.97
1331.25 1.97
1334.71 2.02
1335.50 1.61
1337.05 1.61
1339.01 1.61
1345.07 1.61
1346.91 1.61
1347.16 1.61
1347.26 1.61
1350.97 1.61
1352.74 2.15
1354.76 1.61
1356.83 1.61
1360.71 1.61
1361.00 1.61
1361.67 1.61
1362.11 1.61
1362.87 1.61
1368.57 1.61
1369.93 1.61
1372.05 1.61
1379.11 1.61
1382.60 1.61
1382.64 1.61
1382.74 1.78
1390.17 1.61
1390.42 1.61
1393.26 1.61
1394.43 1.61
1396.08 1.61
1396.57 1.61
1397.23 1.61
1398.58 1.61
1399.01 1.61
1398.69 2.12
1400.14 1.61
1401.12 2.01
1407.05 1.61
1407.07 1.61
1418.11 1.61
1422.03 1.61
1423.11 1.61
1428.28 1.61
1427.79 2.24
1428.96 2.15
1432.37 1.61
1433.65 1.61
1438.04 1.61
1438.69 1.61
1438.89 1.61
1441.21 1.61
1442.96 2.15
1444.52 1.61
1444.59 1.61
1449.34 1.61
1452.66 1.61
1457.22 1.61
1459.57 1.61
1460.44 1.61
1461.83 1.61
1464.56 1.61
1468.73 1.61
1470.18 1.61
1475.20 1.61
1476.04 2.01
1476.18 2.01
1476.71 1.61
1477.76 1.61
1478.32 1.61
1480.68 2.24
1492.48 1.61
1494.69 1.61
1496.98 1.88
1504.45 1.61
1506.30 1.61
1507.36 1.61
1508.61 2.15
1509.66 1.81
1510.10 1.97
1510.45 1.97
1515.75 1.61
1515.71 2.08
1516.68 1.68
1520.78 1.78
1521.89 1.61
1522.64 1.63
1527.55 1.61
1528.04 1.61
1533.15 1.61
1535.12 1.61
1536.66 1.61
1537.88 1.61
1539.88 1.61
1540.49 1.61
1543.69 1.77
1545.00 1.61
1545.43 1.94
1546.05 1.61
1547.57 1.61
1550.06 1.61
1550.86 1.61
1553.03 1.61
1555.41 1.61
1557.02 1.68
1559.37 1.98
1560.07 1.61
1564.14 1.61
1564.89 1.61
1565.97 1.61
1567.43 1.61
1567.84 1.61
1568.75 1.61
1568.82 1.61
1569.50 1.73
1573.25 1.61
1573.77 1.61
1574.39 1.61
1577.14 1.61
1577.97 1.61
1580.86 1.61
1584.38 1.61
1586.19 1.90
1588.19 1.61
1588.36 1.61
1592.09 1.61
1594.25 2.29
1594.88 2.09
1596.53 1.61
1599.47 1.61
1603.62 1.61
1606.39 1.61
1608.05 1.61
1607.98 2.32
1611.19 1.61
1614.60 1.61
1615.22 1.61
1617.20 1.61
1621.92 1.61
1625.08 1.61
1625.18 1.61
1625.22 1.61
1627.04 1.61
1627.16 1.61
1627.56 1.61
1629.72 1.61
1629.75 1.61
1629.93 1.61
1633.45 1.61
1637.29 1.61
1637.87 1.61
1640.68 1.61
1643.65 1.61
1643.85 1.61
1647.03 1.61
1650.84 1.65
1651.60 1.61
1653.33 1.61
1655.50 1.61
1658.31 1.61
1661.62 2.64
1672.29 1.61
1674.31 1.61
1677.05 1.61
1683.68 2.03
1683.80 2.03
1688.71 1.61
1695.68 1.61
1701.57 1.97
1703.83 1.61
1705.09 1.61
1705.57 1.61
1706.34 1.61
1709.10 1.61
1710.23 1.61
1710.85 1.99
1712.76 1.90
1714.91 1.61
1718.09 1.61
1718.17 1.94
1718.50 1.94
1722.70 1.61
1729.33 1.61
1730.54 1.61
1736.20 1.76
1736.35 1.73
1739.00 1.61
1744.40 1.61
1745.20 1.61
1746.19 1.78
1747.49 1.61
1750.07 1.61
1750.25 1.61
1750.97 1.61
1755.33 1.61
1756.40 1.61
1758.40 1.61
1759.45 1.61
1761.67 1.61
1763.63 1.61
1766.66 1.61
1776.23 1.61
1777.11 1.61
1777.49 1.61
1779.33 1.62
1783.40 1.89
1789.43 1.61
1795.23 1.61
1796.93 1.61
1798.52 1.61
1798.45 1.78
1799.71 1.61
1799.82 1.61
1803.39 1.61
1803.70 1.61
1804.17 1.61
1807.15 1.61
1810.37 1.61
1816.38 1.61
1816.76 1.61
1817.85 1.61
1822.96 1.85
1823.20 1.85
1828.47 1.89
1828.61 1.89
1829.70 1.61
1834.15 1.61
1834.75 1.61
1834.98 1.61
1835.00 1.61
1840.63 1.61
1840.98 1.61
1842.95 1.61
1844.08 1.61
1844.27 1.61
1845.60 1.61
1846.24 1.61
1851.31 1.61
1853.57 1.61
1855.46 2.09
1858.11 1.61
1860.20 1.61
1861.90 1.61
1865.44 1.61
1869.50 1.61
1869.99 1.61
1870.79 1.61
1879.55 1.61
1880.10 1.61
1884.86 1.61
1892.76 1.61
1896.42 1.61
1898.54 1.61
1901.16 1.75
1903.80 1.61
1908.73 1.61
1908.95 1.61
1910.49 1.61
1910.91 1.61
1911.14 1.61
1912.18 1.61
1912.38 1.61
1913.31 2.07
1914.41 2.06
1914.86 1.92
1915.89 1.61
1916.83 1.61
1918.08 1.72
1921.68 1.61
1922.47 1.61
1923.84 1.61
1924.86 1.61
1925.44 1.78
1927.38 1.61
1928.55 1.95
1929.94 1.61
1934.12 1.61
1935.88 1.92
1936.40 1.61
1936.19 1.92
1938.36 1.61
1941.88 1.61
1944.09 1.61
1945.40 1.83
1948.59 1.61
1953.88 1.61
1953.91 1.61
1954.88 1.61
1957.54 1.61
1960.71 1.61
1962.68 1.61
1967.87 1.61
1967.99 1.61
1973.34 1.61
1974.18 1.61
1974.71 1.67
1974.64 1.82
1978.08 1.61
1981.54 1.61
1993.51 1.61
1996.95 1.61
1997.67 1.61
2000.18 1.61
2003.11 1.61
2003.52 1.61
2004.73 1.87
2012.75 1.61
2014.84 1.61
2018.87 1.61
2024.82 1.61
2026.73 1.61
2029.70 1.77
2030.97 1.61
2033.99 1.61
2035.93 1.61
2036.23 1.93
2041.85 1.61
2042.91 1.61
2045.28 2.15
2046.79 1.61
2048.41 1.61
2051.60 1.61
2053.46 1.61
2054.13 1.86
2054.56 1.61
2056.46 1.61
2056.67 1.61
2060.22 1.61
2064.32 1.61
2065.55 1.61
2067.34 1.61
2075.34 2.14
2076.38 2.15
2078.09 1.61
2079.08 1.61
2079.53 1.61
2079.76 1.61
2082.39 2.06
2082.47 2.06
2084.32 1.61
2085.96 1.83
2085.98 2.13
2086.25 2.41
2087.74 1.61
2087.62 1.87
2088.97 1.61
2091.82 1.61
2094.13 1.61
2095.34 1.61
2095.58 1.61
2097.74 1.61
2101.53 1.61
2107.47 1.61
2110.49 1.61
2115.81 1.61
2117.51 1.61
2118.56 1.61
2123.62 2.06
2124.25 1.82
2124.80 1.80
2125.25 1.93
2125.76 1.61
2125.75 1.79
2126.56 2.01
2128.56 1.61
2130.74 1.61
2130.94 2.21
2131.18 2.21
2133.33 1.61
2134.41 1.61
2140.59 1.61
2143.63 1.61
2149.43 1.61
2152.36 1.61
2153.29 1.61
2154.15 1.61
2154.83 1.61
2155.60 2.21
2156.23 1.61
2155.43 2.69
2158.13 1.61
2160.97 1.61
2161.13 2.00
2163.63 1.69
2163.27 2.32
2163.68 1.99
2170.96 1.61
2173.69 1.61
2175.62 1.61
2176.10 1.61
2177.60 1.61
2179.36 1.61
2181.42 1.61
2183.31 1.61
2183.59 1.61
2184.91 1.61
2184.92 1.61
2185.85 1.75
2188.45 1.72
2189.43 1.61
2189.67 1.61
2191.31 1.61
2194.92 1.61
2204.01 2.15
2204.84 1.61
2205.74 1.61
2207.41 1.61
2209.94 1.61
2211.30 2.15
2213.26 2.06
2216.72 1.61
2220.07 1.61
2221.76 1.61
2223.20 1.76
2223.75 1.61
2224.38 1.61
2225.31 1.90
2226.29 1.61
2227.22 1.61
2231.27 1.68
2231.27 2.15
2233.68 1.61
2235.68 2.34
2236.96 1.61
2240.86 1.61
2241.05 2.15
2241.81 1.61
2247.31 1.61
2249.21 1.86
2249.38 1.77
2250.08 1.61
2250.26 1.61
2256.65 1.61
2258.09 1.61
2264.42 1.81
2264.61 1.81
2266.19 1.89
2267.10 1.61
2268.00 1.98
2269.77 1.61
2269.44 2.15
2270.70 1.61
2271.20 1.61
2274.26 1.63
2274.59 1.61
2279.97 1.61
2292.46 1.61
2293.86 1.61
2294.29 2.49
2295.18 1.61
2294.39 2.49
2299.10 1.61
2305.58 2.15
2312.12 1.61
2315.93 1.61
2316.56 1.87
2316.85 1.90
2320.92 1.61
2320.97 1.61
2323.25 1.61
2326.10 2.15
2327.70 1.61
2328.71 2.15
2328.87 2.10
2331.11 1.61
2331.59 2.07
2332.28 1.61
2335.84 1.61
2338.64 1.61
2338.78 1.61
2342.30 1.61
2344.21 1.61
2345.20 1.61
2350.10 2.46
2350.21 2.47
2352.84 1.61
2352.89 1.61
2353.83 1.61
2354.39 1.61
2358.69 1.61
2359.26 1.61
2362.71 1.61
2363.99 1.61
2365.99 1.61
2366.85 1.61
2370.27 1.61
2370.56 1.92
2372.34 1.61
2377.02 1.61
2377.23 1.61
2377.54 2.37
2379.75 2.44
2380.50 1.72
2383.68 1.61
2393.16 1.66
2397.43 1.61
2398.66 1.61
2398.81 1.61
2399.30 1.61
2402.83 2.03
2405.36 1.61
2407.06 1.61
2408.00 1.61
2409.06 1.61
2409.34 1.61
2410.53 1.61
2411.00 1.77
2411.56 2.04
2413.06 1.61
2415.12 1.61
2416.45 1.61
2416.97 1.61
2420.69 1.61
2422.12 1.61
2424.65 1.61
2424.68 1.61
2425.11 1.61
2425.93 1.61
2428.15 1.61
2429.25 1.61
2430.83 2.45
2431.27 2.08
2430.95 2.47
2436.30 1.77
2437.05 1.61
2440.87 1.61
2440.81 2.00
2443.48 1.61
2448.42 1.82
2449.12 1.61
2450.72 1.61
2454.91 1.61
2457.21 1.61
2458.08 1.61
2459.31 1.61
2460.45 1.61
2461.28 1.65
2461.86 1.61
2464.16 1.61
2464.34 1.61
2467.01 1.61
2467.94 1.61
2471.16 1.61
2478.70 1.61
2481.35 1.87
2484.87 1.89
2485.78 1.61
2492.33 1.61
2493.18 1.61
2493.52 1.61
2494.34 1.61
2497.34 1.61
2497.73 1.61
2499.08 1.61
2502.57 1.80
2503.46 1.80
2503.85 1.61
2507.63 1.61
2509.60 1.61
2514.80 1.61
2517.86 1.61
2519.36 1.61
2519.97 1.61
2520.59 1.61
2525.15 1.61
2527.81 1.61
2529.14 1.61
2532.03 1.61
2536.46 1.61
2536.68 1.61
2537.01 1.61
2539.30 1.77
2542.81 1.61
2543.30 1.61
2547.26 1.61
2549.66 1.61
2551.36 1.61
2552.40 1.61
2552.51 1.61
2553.77 1.61
2555.13 1.61
2557.14 1.61
2557.68 1.61
2559.08 1.61
2567.70 1.61
2568.35 1.61
2570.18 1.61
2571.24 1.61
2572.72 1.73
2575.80 1.79
2578.29 1.61
2579.76 1.61
2580.27 1.61
2580.99 1.61
2586.44 1.61
2588.35 1.61
2589.22 1.61
2590.84 1.61
2596.16 1.61
2597.14 1.61
2597.42 1.61
2602.05 1.61
2606.06 1.61
2606.92 1.63
2608.66 2.08
2612.21 1.75
2612.61 1.75
2614.12 1.61
2619.73 1.61
2621.12 1.61
2623.26 1.61
2626.16 2.49
2626.26 2.49
2628.31 1.61
2629.82 1.74
2635.07 1.61
2637.36 1.61
2639.46 1.61
2640.39 1.61
2641.68 1.61
2642.73 1.61
2642.82 1.61
2646.76 1.82
2647.13 1.61
2648.17 1.61
2649.64 1.61
2652.67 1.61
2654.54 1.61
2659.20 1.61
2659.32 1.61
2658.96 2.24
2663.08 1.61
2664.25 1.61
2669.66 1.61
2671.74 1.69
2672.42 1.61
2675.88 1.61
2675.45 2.46
2676.07 2.52
2678.46 1.61
2678.84 1.61
2680.05 1.61
2681.99 1.61
2682.63 1.83
2685.70 1.61
2687.20 1.61
2687.93 1.61
2689.41 1.61
2691.51 2.10
2694.93 1.61
2696.60 1.65
2697.15 1.63
2697.39 1.61
2697.63 1.67
2699.99 1.61
2708.36 1.91
2708.64 2.06
2712.65 1.61
2712.67 1.61
2715.48 1.61
2717.05 1.61
2723.73 1.61
2725.73 1.61
2727.77 1.61
2734.90 1.61
2738.11 1.61
2739.22 1.61
2741.87 1.61
2746.40 2.32
2749.01 1.61
2750.62 1.61
2752.65 1.61
2755.42 1.61
2758.47 1.61
2758.80 1.61
2761.00 1.61
2763.87 1.89
2764.27 2.43
2769.36 1.61
2770.26 1.61
2770.42 1.61
2776.81 1.61
2779.76 1.61
2780.28 1.61
2780.67 1.61
2784.46 1.61
2787.26 1.61
2788.25 2.08
2791.59 1.61
2794.88 1.61
2796.45 1.62
2799.47 1.61
2800.37 1.61
2799.73 2.34
2802.15 1.61
2803.35 1.61
2804.29 1.61
2806.45 1.61
2808.82 1.61
2809.09 1.61
2809.25 1.61
2811.10 1.62
2811.42 1.61
2814.34 1.61
2816.73 1.61
2818.11 1.61
2818.23 2.07
2818.70 1.61
2819.44 1.61
2824.98 1.61
2825.90 1.61
2827.05 1.61
2827.61 1.61
2829.02 1.61
2828.82 2.13
2830.72 1.61
2831.68 1.61
2832.96 1.61
2834.13 1.61
2835.47 1.61
2838.97 1.61
2839.25 1.61
2843.54 1.61
2843.76 1.61
2844.79 1.61
2846.89 2.10
2847.48 2.10
2850.67 1.65
2852.86 1.61
2853.77 1.61
2854.40 1.61
2856.34 1.61
2858.74 1.61
2860.24 1.61
2860.79 1.61
2863.29 1.61
2865.59 1.61
2866.52 1.61
2869.80 1.68
2873.07 1.61
2873.25 1.61
2878.63 1.61
2879.79 1.61
2884.55 1.61
2886.33 1.61
2888.81 1.61
2891.41 1.61
2893.30 1.66
2893.78 1.61
2899.10 1.61
2900.91 1.76
2901.48 1.61
2907.26 1.61
2909.51 1.61
2911.73 1.61
2915.55 1.61
2916.71 1.61
2919.33 1.61
2921.03 1.61
2922.04 1.61
2924.19 1.61
2931.47 1.61
2932.56 1.61
2932.63 1.61
2933.60 1.61
2933.77 1.61
2934.70 1.61
2934.87 1.61
2935.12 1.61
2937.64 1.96
2937.84 1.96
2939.51 1.61
2940.90 1.61
2940.62 2.23
2940.67 2.46
2941.38 2.11
2941.96 1.61
2942.75 1.61
2944.14 2.25
2946.13 1.61
2947.22 1.77
2950.37 1.61
2950.84 1.61
2952.67 1.61
2955.55 1.84
2955.87 1.61
2955.91 1.61
2957.70 1.61
2960.92 2.12
2961.21 2.12
2962.74 1.61
2963.53 1.61
2966.34 1.61
2967.26 2.07
2970.43 1.61
2971.69 1.61
2971.32 2.13
2972.01 1.91
2972.18 1.98
2972.98 2.06
2973.56 1.61
2973.51 1.70
2973.94 1.61
2976.35 1.61
2978.18 1.61
2981.30 2.17
2982.40 1.72
2983.71 1.61
2984.47 1.61
2985.55 1.61
2985.64 1.61
2987.16 1.61
2987.26 1.61
2989.26 1.61
2990.06 1.90
2991.21 1.61
2992.92 1.61
2994.65 1.61
2999.80 1.61
3000.13 1.61
3009.58 1.61
3009.83 1.61
3010.88 1.61
3012.05 1.61
3012.11 1.61
3012.86 1.87
3013.90 1.94
3014.71 2.08
3016.79 1.61
3017.58 1.61
3018.69 1.61
3020.93 1.61
3021.27 1.61
3022.85 1.61
3023.21 1.61
3025.42 1.61
3026.10 1.61
3027.17 1.61
3027.21 1.61
3028.08 1.61
3028.88 1.61
3030.63 1.61
3034.14 1.61
3038.52 2.11
3040.33 1.80
3042.22 1.61
3043.53 1.61
3044.11 1.61
3049.18 1.61
3049.90 1.76
3050.11 2.30
3052.42 1.61
3052.59 1.61
3054.39 1.88
3054.65 2.42
3058.81 1.61
3064.19 1.61
3066.59 1.61
3071.77 1.73
3073.10 1.61
3074.36 1.61
3076.47 1.61
3077.35 1.61
3078.87 1.96
3079.82 1.61
3081.19 1.61
3083.16 2.15
3087.16 1.61
3095.31 1.61
3097.00 1.61
3099.27 1.61
3100.30 1.61
3100.38 1.61
3102.45 1.61
3103.77 1.61
3105.25 1.61
3110.70 1.61
3114.20 1.61
3114.68 1.91
3115.70 1.61
3117.49 1.61
3118.32 1.61
3121.55 1.61
3125.11 1.61
3128.37 1.87
3128.92 1.61
3129.98 1.61
3131.34 1.61
3131.43 1.61
3132.03 1.61
3132.58 1.61
3133.45 1.61
3136.03 1.61
3137.36 1.61
3145.86 1.61
3145.50 2.14
3146.82 1.64
3147.06 1.61
3147.15 1.61
3147.50 1.61
3147.97 1.61
3148.12 1.61
3151.09 1.61
3153.34 1.61
3158.13 1.61
3163.41 1.61
3164.69 1.61
3164.56 2.04
3167.41 1.61
3168.42 1.61
3169.50 2.15
3171.37 1.99
3172.62 1.61
3173.83 1.69
3174.84 1.91
3175.77 1.61
3177.12 1.61
3181.37 1.61
3183.21 1.61
3184.39 1.61
3186.04 1.61
3191.93 1.61
3192.19 1.61
3195.31 1.61
3195.83 1.61
3196.45 1.86
3196.82 1.61
3196.68 1.91
3197.76 1.61
3200.75 1.76
3202.89 1.61
3203.49 1.69
3204.80 1.61
3205.42 1.61
3206.82 1.63
3206.90 2.07
3207.71 1.61
3207.33 2.09
3210.17 1.61
3211.43 1.61
3211.20 1.84
3214.74 1.61
3217.13 1.61
3217.64 2.69
3219.15 1.93
3223.09 1.61
3224.28 1.61
3226.03 1.61
3226.74 1.61
3226.83 1.61
3227.92 1.61
3239.23 1.61
3241.66 1.61
3242.18 1.61
3245.16 1.70
3249.43 1.95
3253.14 1.61
3253.55 1.61
3254.23 1.61
3256.30 1.61
3258.16 1.61
3258.21 1.61
3258.89 1.61
3261.11 1.61
3261.79 1.61
3265.35 1.61
3268.10 2.44
3268.22 2.44
3269.24 1.61
3272.68 1.61
3275.34 1.61
3278.24 1.61
3279.71 1.61
3280.13 1.61
3280.81 1.61
3281.17 1.61
3283.76 1.61
3285.04 1.61
3285.51 1.61
3296.48 1.61
3298.97 1.61
3301.02 1.61
3304.34 1.61
3304.74 1.61
3306.53 1.61
3311.15 1.61
3311.37 1.61
3313.01 1.61
3314.60 1.61
3319.47 1.61
3323.38 1.61
3330.10 1.88
3330.50 1.88
3343.53 1.61
3344.96 1.61
3346.43 1.61
3347.71 2.12
3348.21 2.12
3350.18 1.67
3351.60 1.61
3352.22 2.01
3354.37 1.61
3354.71 1.61
3355.79 1.65
3358.93 1.61
3360.34 1.61
3361.86 1.61
3363.02 1.61
3364.64 1.61
3366.81 1.61
3368.74 1.61
3369.86 1.61
3370.65 1.61
3370.93 1.61
3375.06 1.61
3378.81 1.61
3380.62 1.65
3380.94 1.61
3382.66 1.61
3382.91 1.61
3388.36 1.61
3389.44 1.61
3390.93 1.61
3392.37 1.66
3393.04 1.61
3406.71 1.61
3410.15 1.61
3410.51 1.61
3413.14 1.61
3415.87 1.61
3416.95 1.61
3418.72 2.02
3419.38 2.02
3428.93 1.61
3431.63 1.61
3434.28 1.61
3436.34 1.61
3440.22 1.61
3442.77 1.61
3443.15 1.61
3443.51 2.13
3447.39 1.61
3449.41 1.61
3452.14 1.61
3454.17 1.61
3454.43 1.61
3458.66 1.84
3459.71 1.61
3466.28 1.61
3467.74 2.30
3469.87 2.15
3474.28 1.61
3475.44 1.61
3475.86 1.61
3477.48 1.61
3478.46 1.74
3479.31 2.15
3481.63 1.61
3482.05 2.20
3483.02 1.61
3482.29 2.36
3483.79 1.78
3484.37 1.61
3486.98 1.61
3488.81 1.61
3489.28 1.61
3490.84 1.61
3492.72 1.61
3498.33 1.61
3500.19 1.61
3501.09 1.61
3503.25 1.61
3504.35 1.63
3507.21 1.61
3511.95 1.61
3514.21 1.61
3515.01 1.61
3524.09 1.61
3528.23 1.61
3528.51 1.61
3533.48 1.61
3536.16 1.61
3536.51 1.61
3539.46 1.61
3543.16 2.15
3543.67 2.12
3544.07 1.85
3544.38 1.61
3545.15 1.77
3547.83 1.61
3547.83 1.61
3549.54 1.61
3549.66 1.61
3552.16 1.61
3552.25 1.61
3562.24 1.61
3564.57 1.61
3565.78 2.03
3565.90 2.03
3570.62 1.61
3571.80 1.61
3574.47 1.61
3575.14 1.61
3577.07 1.61
3580.46 1.61
3584.03 1.61
3588.27 1.61
3590.91 1.61
3594.32 1.61
3595.33 1.61
stripe avg: 9.11953635551
write avg: 2.19147907767
inClusWrite avg: 1.46157723358
