encoding time 1339.953365
0.00 2.05
0.64 2.05
1.54 1.61
5.21 1.61
5.45 1.61
6.38 1.61
7.89 1.61
8.59 1.61
8.91 1.61
15.48 1.61
20.39 1.61
20.26 1.83
21.12 1.83
21.77 1.61
22.41 1.61
23.62 1.61
24.88 1.61
27.88 1.61
35.06 1.61
36.90 1.61
37.86 2.15
39.79 1.61
42.76 1.61
43.54 1.61
44.54 1.90
44.94 1.90
49.82 1.61
50.05 1.61
52.95 1.63
54.39 1.61
61.60 1.61
62.47 1.61
64.20 1.61
65.05 1.61
68.00 1.81
68.44 1.81
70.15 1.61
70.39 1.61
70.45 1.61
80.59 1.61
85.29 2.15
86.56 1.61
88.20 1.61
91.05 1.61
91.76 1.61
93.36 1.61
93.40 2.15
94.58 1.61
97.26 1.92
102.76 1.61
103.41 1.61
106.89 1.61
109.77 1.61
109.94 1.61
111.18 1.61
113.79 1.70
113.34 2.40
114.75 1.61
115.82 1.61
117.40 1.61
117.73 1.61
122.21 1.61
124.88 1.61
130.19 1.61
133.12 1.61
132.97 2.06
133.49 1.61
134.69 1.61
135.50 1.61
135.57 1.61
137.39 1.61
138.79 1.61
139.57 1.61
142.69 1.61
142.95 1.61
149.74 1.61
151.33 1.89
158.60 1.61
159.18 1.75
160.42 1.61
161.74 1.61
169.56 1.61
170.56 1.61
172.30 1.61
172.45 1.71
172.79 1.61
175.06 1.61
183.04 1.65
184.02 1.61
184.08 1.65
185.51 1.61
188.29 1.61
188.84 1.61
189.36 1.61
191.50 1.62
195.73 1.61
196.32 2.25
199.05 1.61
198.71 2.15
199.41 1.61
199.99 3.23
204.77 1.95
206.00 2.98
207.55 4.31
207.99 4.07
210.27 3.88
212.34 2.70
216.37 2.60
217.92 4.08
219.25 4.55
221.02 2.90
222.58 3.50
224.15 2.14
224.76 1.87
225.22 1.98
225.92 2.03
229.08 4.10
233.29 2.06
233.31 3.02
234.95 1.86
236.26 2.01
235.18 3.18
243.37 3.01
244.22 2.30
245.46 2.84
246.55 3.13
250.98 2.20
252.73 1.97
254.18 2.75
256.76 1.72
256.41 2.15
256.98 2.47
258.33 1.61
259.22 2.13
259.39 3.07
259.71 2.90
259.75 3.73
265.23 2.96
266.41 3.25
266.46 3.30
267.97 2.82
279.94 2.60
279.55 4.51
284.90 3.17
288.62 1.81
286.72 3.99
288.03 2.81
289.11 3.69
291.70 2.62
294.23 2.13
298.40 3.19
301.22 2.20
303.20 1.87
303.04 3.05
305.50 2.99
304.30 4.54
305.70 3.18
306.57 2.56
307.62 1.76
306.03 3.96
309.04 3.91
311.63 2.25
312.48 5.04
315.20 2.87
316.47 2.90
317.46 1.99
318.23 2.16
317.70 6.08
317.75 6.09
323.13 2.80
326.94 2.91
331.31 2.05
330.55 3.40
334.67 2.03
335.23 2.00
340.31 1.97
340.36 2.13
346.26 2.62
348.79 3.95
349.91 3.31
350.29 2.98
356.45 2.07
361.41 1.72
359.48 3.85
359.60 5.82
363.99 2.95
365.15 2.26
363.38 4.79
369.19 3.01
373.12 2.72
374.32 2.80
374.80 2.69
375.55 1.97
376.94 2.68
377.25 2.84
379.21 3.47
382.79 2.21
383.39 2.27
391.29 2.38
391.00 3.34
391.95 2.67
393.10 3.38
395.26 1.90
395.64 2.24
396.16 2.30
396.96 2.20
395.29 4.45
395.92 3.93
401.23 2.45
400.95 3.58
409.41 2.34
411.20 3.00
412.82 1.71
415.39 2.95
416.35 2.75
417.13 3.28
418.00 3.57
420.08 2.46
420.21 3.74
422.35 3.23
427.60 1.92
431.11 3.94
434.42 1.80
436.08 2.64
436.64 3.06
440.59 2.87
440.19 3.38
447.37 3.89
452.06 2.25
458.02 2.96
456.75 4.31
458.80 3.56
461.80 3.51
464.11 2.20
464.09 2.97
466.09 2.74
466.45 3.35
469.14 2.12
473.80 3.13
474.75 2.55
475.17 2.97
477.80 1.76
477.03 3.94
480.03 1.92
479.37 4.27
484.52 1.61
488.28 3.13
490.52 3.66
489.29 5.12
493.84 2.47
493.37 3.40
502.66 2.85
502.80 3.47
503.89 2.74
502.96 3.78
509.56 2.00
512.83 2.18
513.46 3.13
512.77 4.23
521.22 2.16
519.51 4.05
520.72 3.48
529.57 2.18
531.38 2.51
532.04 2.37
536.04 2.34
537.91 2.59
538.67 2.15
541.06 2.49
543.23 2.96
546.34 2.17
546.33 4.13
547.99 2.55
548.44 2.12
548.44 2.42
550.96 2.50
550.84 2.99
549.43 5.02
555.85 2.53
557.34 2.76
556.56 3.61
558.59 2.08
563.73 1.78
563.07 3.52
564.99 2.38
567.95 3.19
569.16 2.24
568.62 3.20
570.29 2.23
572.13 3.84
578.35 2.35
579.06 2.54
578.62 3.32
581.80 1.75
580.52 3.88
585.67 2.85
586.06 3.86
587.56 3.26
588.88 2.15
588.48 2.82
588.27 3.25
589.35 2.85
595.86 2.93
595.70 3.18
596.13 2.89
597.04 2.14
598.82 1.93
601.11 2.15
602.34 3.28
604.24 3.18
608.28 3.54
609.61 3.29
611.59 1.79
610.26 3.40
612.22 2.05
612.13 2.37
612.18 3.24
611.95 3.54
613.61 2.01
613.45 2.28
620.02 2.33
623.11 2.44
622.21 3.75
626.44 1.62
631.85 1.61
633.11 3.81
633.96 2.99
633.37 3.58
633.29 4.46
633.94 3.94
634.78 3.40
637.10 2.73
639.11 3.47
641.86 2.79
642.38 2.48
642.26 4.82
643.64 4.90
650.75 2.13
651.78 1.75
650.41 3.59
651.16 3.12
651.82 2.91
653.84 3.19
656.88 2.59
657.60 3.13
659.14 2.51
661.12 2.36
660.52 3.22
660.96 2.79
663.58 3.04
661.91 4.94
666.37 2.91
670.80 2.42
673.94 3.01
675.15 2.36
675.95 2.48
674.60 3.94
683.03 2.27
681.72 4.20
682.90 3.22
683.37 2.92
686.53 1.70
690.39 2.03
689.20 5.36
692.78 2.30
690.82 4.82
691.96 4.47
693.60 3.81
698.76 1.72
699.89 2.05
700.58 3.01
700.45 3.37
707.60 1.95
707.27 2.63
708.25 2.19
707.61 4.04
711.07 1.92
709.81 3.20
713.17 1.61
712.02 3.97
714.97 3.92
718.88 4.81
724.91 2.24
730.95 2.29
731.15 2.39
734.53 2.60
735.65 2.63
736.64 4.41
739.56 2.16
740.24 3.56
743.36 3.07
745.98 3.09
748.34 3.21
749.45 3.17
753.44 2.33
755.20 3.30
756.56 2.62
757.46 3.37
758.33 2.83
759.26 3.31
761.33 2.93
762.10 3.02
764.90 3.30
764.20 4.23
766.41 2.47
764.77 4.26
767.45 2.65
769.23 1.78
771.05 2.07
770.84 2.32
773.69 2.72
773.66 3.50
775.88 2.61
777.00 1.94
777.73 3.81
781.83 3.13
783.47 2.56
786.93 2.08
786.98 2.87
788.83 3.55
791.60 1.97
791.77 3.23
794.29 2.07
795.97 2.02
801.92 3.33
806.89 3.96
807.33 4.46
808.01 4.15
816.78 2.79
817.41 4.48
819.31 3.03
826.09 2.08
827.71 2.28
831.23 3.60
834.06 2.19
833.01 3.34
835.52 2.48
835.88 3.13
836.09 4.16
840.59 2.27
840.57 3.83
843.65 2.41
844.71 4.21
847.25 2.06
848.03 2.16
848.96 3.36
849.58 3.26
856.35 3.23
860.88 1.88
861.56 2.93
862.81 2.92
864.22 1.74
867.16 2.41
868.88 3.91
880.54 1.93
876.40 6.63
877.29 6.66
884.42 3.44
888.89 4.59
895.00 3.35
899.36 2.44
902.71 3.03
905.30 1.77
903.83 4.06
909.77 2.05
909.51 3.27
912.50 1.91
915.22 3.66
919.34 2.16
921.08 3.33
925.72 2.56
926.61 2.97
928.27 2.42
930.13 2.34
930.83 1.79
931.55 3.80
932.55 3.40
938.24 1.89
938.34 3.81
944.29 4.28
947.53 2.00
947.73 3.12
950.72 2.22
953.08 1.61
953.59 1.70
955.42 2.80
957.46 4.21
961.47 1.91
960.95 2.51
960.98 3.05
961.69 3.05
961.16 3.99
967.83 2.54
970.36 2.44
969.77 3.44
970.37 4.10
973.75 3.63
974.86 3.17
984.32 3.20
986.84 3.68
992.01 1.61
990.65 3.09
995.29 2.21
994.87 3.11
996.79 1.61
999.72 2.72
999.64 3.26
1007.20 2.00
1008.67 2.43
1009.49 2.62
1007.51 5.48
1011.33 3.22
1012.86 2.77
1013.74 2.10
1014.34 2.15
1015.88 4.02
1015.89 4.02
1018.58 3.41
1017.14 5.26
1017.17 5.28
1025.52 1.94
1022.77 5.03
1025.51 4.74
1029.72 3.08
1030.51 4.66
1033.40 2.13
1033.54 2.68
1033.97 2.63
1033.34 3.33
1034.96 2.07
1034.20 4.03
1036.39 2.31
1038.52 2.18
1038.26 2.58
1041.47 2.09
1045.10 1.75
1046.01 1.61
1059.58 2.06
1059.19 2.94
1059.80 2.53
1060.90 2.74
1062.91 1.63
1063.13 2.47
1067.32 1.78
1068.11 2.03
1069.66 2.87
1070.54 2.70
1072.37 2.24
1075.38 2.07
1077.49 2.37
1077.51 4.69
1081.06 1.81
1080.84 2.38
1082.11 2.61
1081.69 3.42
1082.03 3.87
1084.32 2.36
1084.08 2.71
1085.90 2.10
1089.87 3.52
1098.66 1.89
1099.76 2.71
1101.21 3.05
1103.55 2.02
1104.02 2.05
1111.75 1.69
1114.16 2.04
1112.51 6.09
1119.05 2.36
1120.76 2.12
1128.63 2.40
1140.93 2.04
1142.38 1.61
1143.62 2.99
1144.42 2.80
1147.86 1.61
1148.19 2.39
1155.03 1.68
1154.03 3.03
1159.43 2.48
1160.34 1.66
1160.97 2.29
1172.43 1.83
1172.75 1.83
1173.22 1.87
1178.44 2.30
1177.11 4.08
1178.90 2.33
1181.58 1.61
1180.17 3.20
1185.56 3.22
1185.26 3.92
1191.40 1.73
1191.83 1.61
1194.43 2.42
1196.55 1.78
1200.74 1.78
1204.12 1.61
1205.33 1.61
1206.14 1.61
1212.21 1.61
1212.93 1.61
1214.37 1.61
1215.73 1.64
1215.94 1.61
1216.45 1.61
1219.36 1.92
1220.66 1.91
1222.31 2.39
1223.45 2.59
1224.78 1.61
1226.75 1.61
1227.49 2.52
1229.27 1.61
1227.74 3.31
1226.89 4.84
1231.44 1.61
1229.32 3.88
1231.93 1.61
1231.09 2.71
1233.23 1.83
1235.87 2.32
1237.39 1.61
1237.87 2.51
1237.96 2.51
1240.96 1.61
1244.16 1.75
1244.74 1.70
1246.79 1.61
1250.33 1.61
1253.80 1.61
1253.62 1.90
1256.24 1.61
1256.74 2.13
1260.56 1.86
1261.74 1.61
1265.41 1.61
1266.84 1.85
1267.12 2.27
1267.78 2.40
1268.69 2.89
1272.16 1.61
1272.87 3.23
1276.43 1.80
1276.54 3.15
1279.04 1.61
1280.20 1.68
1280.92 2.54
1283.98 2.66
1285.05 1.61
1285.32 2.59
1287.07 1.61
1289.36 1.61
1290.58 1.72
1295.44 1.61
1294.70 2.58
1294.39 2.95
1297.52 1.76
1298.46 1.76
1299.68 1.61
1299.89 1.62
1306.54 1.61
1308.91 1.61
1310.66 2.18
1310.91 2.40
1314.04 2.32
1315.93 1.61
1315.87 2.58
1318.61 1.61
1323.80 1.71
1324.24 1.81
1325.08 1.61
1329.51 1.61
1329.57 1.61
1330.34 1.61
1331.07 1.66
1331.25 1.84
1334.71 1.61
1335.50 1.61
1337.05 1.61
1339.01 1.61
1345.07 1.90
1346.91 1.61
1347.16 1.61
1347.26 1.61
1350.97 1.61
1352.74 1.61
1354.76 1.61
1356.83 2.15
1360.71 1.61
1361.00 1.61
1361.67 1.61
1362.11 1.61
1362.87 2.14
1368.57 1.61
1369.93 1.61
1372.05 1.61
1379.11 1.61
1382.60 1.61
1382.74 1.71
1382.64 2.25
1390.17 1.61
1390.42 1.61
1393.26 1.61
1394.43 1.61
1396.08 1.61
1396.57 1.61
1397.23 1.61
1399.01 1.61
1398.58 2.46
1398.69 2.46
1400.14 1.61
1401.12 1.61
1407.05 1.61
1407.07 1.61
1418.11 1.61
1422.03 1.61
1423.11 1.61
1427.79 1.61
1428.28 1.61
1428.96 2.02
1432.37 1.61
1433.65 1.61
1438.04 1.61
1438.69 2.01
1438.89 2.01
1441.21 1.77
1442.96 1.61
1444.52 1.61
1444.59 1.61
1449.34 1.61
1452.66 1.61
1457.22 1.61
1459.57 1.61
1460.44 1.61
1461.83 1.61
1464.56 1.61
1468.73 1.61
1470.18 1.61
1475.20 1.61
1476.04 1.61
1476.18 1.61
1476.71 1.61
1477.76 1.61
1478.32 1.61
1480.68 1.61
1492.48 1.61
1494.69 1.92
1496.98 1.69
1504.45 1.61
1506.30 1.61
1507.36 1.61
1508.61 2.74
1509.66 1.81
1510.10 1.78
1510.45 1.61
1515.71 1.61
1515.75 1.61
1516.68 1.61
1520.78 1.61
1521.89 1.61
1522.64 1.61
1527.55 1.61
1528.04 2.15
1533.15 1.61
1535.12 1.61
1536.66 1.61
1537.88 1.61
1539.88 1.61
1540.49 1.61
1543.69 1.61
1545.43 1.61
1545.00 2.11
1546.05 1.61
1547.57 1.61
1550.06 1.79
1550.86 1.61
1553.03 1.61
1555.41 2.08
1557.02 1.61
1559.37 2.15
1560.07 2.56
1564.14 1.61
1564.89 1.61
1565.97 1.61
1567.43 1.61
1567.84 1.61
1568.75 1.61
1568.82 1.61
1569.50 1.61
1573.25 1.61
1573.77 1.61
1574.39 1.61
1577.14 1.61
1577.97 1.61
1580.86 1.61
1584.38 1.61
1586.19 1.61
1588.19 1.61
1588.36 1.61
1592.09 1.61
1594.25 1.61
1594.88 1.61
1596.53 1.61
1599.47 1.61
1603.62 1.61
1606.39 1.65
1608.05 1.61
1607.98 1.97
1611.19 1.61
1614.60 1.61
1615.22 1.61
1617.20 1.61
1621.92 1.61
1625.08 1.61
1625.18 1.61
1625.22 1.61
1627.04 1.61
1627.16 1.61
1627.56 1.61
1629.72 1.61
1629.75 1.61
1629.93 1.61
1633.45 1.61
1637.29 1.61
1637.87 1.61
1640.68 1.61
1643.65 1.61
1643.85 1.61
1647.03 2.11
1650.84 1.61
1651.60 1.61
1653.33 1.61
1655.50 1.61
1658.31 1.61
1661.62 1.61
1672.29 1.61
1674.31 1.61
1677.05 1.61
1683.68 1.61
1683.80 1.61
1688.71 1.69
1695.68 1.61
1701.57 1.61
1703.83 1.61
1705.09 1.61
1705.57 1.61
1706.34 1.79
1709.10 1.61
1710.23 1.61
1710.85 1.61
1712.76 1.65
1714.91 1.61
1718.09 1.61
1718.17 1.61
1718.50 2.15
1722.70 1.61
1729.33 1.61
1730.54 1.61
1736.20 1.61
1736.35 1.61
1739.00 1.61
1744.40 1.61
1745.20 1.61
1746.19 1.61
1747.49 1.61
1750.07 1.71
1750.25 1.61
1750.97 1.61
1755.33 1.61
1756.40 1.76
1758.40 1.61
1759.45 1.61
1761.67 1.61
1763.63 1.61
1766.66 1.61
1776.23 1.61
1777.11 1.61
1777.49 1.61
1779.33 1.61
1783.40 1.61
1789.43 1.61
1795.23 1.61
1796.93 1.61
1798.45 1.61
1798.52 1.84
1799.71 1.61
1799.82 1.61
1803.39 1.61
1803.70 1.61
1804.17 1.68
1807.15 1.61
1810.37 1.79
1816.38 1.91
1816.76 1.61
1817.85 1.61
1822.96 1.61
1823.20 1.61
1828.47 1.61
1828.61 1.61
1829.70 1.61
1834.15 1.61
1834.75 1.61
1834.98 1.61
1835.00 1.61
1840.63 1.61
1840.98 1.61
1842.95 1.61
1844.08 1.61
1844.27 1.61
1845.60 1.61
1846.24 1.61
1851.31 1.73
1853.57 1.61
1855.46 2.00
1858.11 1.61
1860.20 1.67
1861.90 1.61
1865.44 1.61
1869.50 1.61
1869.99 1.89
1870.79 1.89
1879.55 2.14
1880.10 2.51
1884.86 1.61
1892.76 1.61
1896.42 1.61
1898.54 1.81
1901.16 1.61
1903.80 1.61
1908.73 1.61
1908.95 1.61
1910.49 1.61
1910.91 1.61
1911.14 1.79
1912.38 1.61
1912.18 1.95
1913.31 1.61
1914.41 2.03
1914.86 1.61
1915.89 1.74
1916.83 1.61
1918.08 1.61
1921.68 1.61
1922.47 1.61
1923.84 1.61
1924.86 1.90
1925.44 1.78
1927.38 1.61
1928.55 1.61
1929.94 1.61
1934.12 1.61
1935.88 1.61
1936.19 1.61
1936.40 1.61
1938.36 1.61
1941.88 1.61
1944.09 1.61
1945.40 2.12
1948.59 1.61
1953.88 1.61
1953.91 1.61
1954.88 1.61
1957.54 1.61
1960.71 1.61
1962.68 1.61
1967.87 1.61
1967.99 1.61
1973.34 1.85
1974.18 1.61
1974.64 1.61
1974.71 1.61
1978.08 1.83
1981.54 1.61
1993.51 1.61
1996.95 1.97
1997.67 1.61
2000.18 1.61
2003.11 1.61
2003.52 1.74
2004.73 1.61
2012.75 1.61
2014.84 1.61
2018.87 1.61
2024.82 1.61
2026.73 1.61
2029.70 1.61
2030.97 1.61
2033.99 1.61
2035.93 1.61
2036.23 2.18
2041.85 1.61
2042.91 1.61
2045.28 1.70
2046.79 1.61
2048.41 1.74
2051.60 1.61
2053.46 2.15
2054.13 1.84
2054.56 1.84
2056.46 1.61
2056.67 1.61
2060.22 1.61
2064.32 1.61
2065.55 1.61
2067.34 1.61
2075.34 2.14
2076.38 1.61
2078.09 1.61
2079.08 1.61
2079.53 1.61
2079.76 1.61
2082.47 2.12
2082.39 2.24
2084.32 1.61
2085.96 1.61
2085.98 1.61
2086.25 1.61
2087.62 1.61
2087.74 2.15
2088.97 1.61
2091.82 1.81
2094.13 1.61
2095.34 1.79
2095.58 1.61
2097.74 1.61
2101.53 1.61
2107.47 1.61
2110.49 1.61
2115.81 1.61
2117.51 1.61
2118.56 1.61
2123.62 1.90
2124.25 1.61
2124.80 1.61
2125.25 1.61
2125.75 1.61
2125.76 1.61
2126.56 1.61
2128.56 1.61
2130.74 1.61
2130.94 1.61
2131.18 1.61
2133.33 1.61
2134.41 1.61
2140.59 1.61
2143.63 1.61
2149.43 1.61
2152.36 1.95
2153.29 1.61
2154.15 1.63
2154.83 1.61
2155.43 1.98
2155.60 1.98
2156.23 1.61
2158.13 1.61
2161.13 1.61
2160.97 1.82
2163.27 1.61
2163.63 1.67
2163.68 1.67
2170.96 1.61
2173.69 1.61
2175.62 1.61
2176.10 1.61
2177.60 1.61
2179.36 1.61
2181.42 1.61
2183.31 1.61
2183.59 1.61
2184.91 1.61
2184.92 1.61
2185.85 1.61
2188.45 1.91
2189.43 1.81
2189.67 1.61
2191.31 1.61
2194.92 1.91
2204.01 1.61
2204.84 1.61
2205.74 1.61
2207.41 1.61
2209.94 1.61
2211.30 1.61
2213.26 2.13
2216.72 1.61
2220.07 1.61
2221.76 1.78
2223.20 1.61
2223.75 1.61
2224.38 1.61
2225.31 1.61
2226.29 1.61
2227.22 1.61
2231.27 1.61
2231.27 1.88
2233.68 1.61
2235.68 1.61
2236.96 1.61
2240.86 1.61
2241.05 2.15
2241.81 2.15
2247.31 1.61
2249.21 1.61
2249.38 1.61
2250.08 1.61
2250.26 1.61
2256.65 1.61
2258.09 1.61
2264.42 1.61
2264.61 1.61
2266.19 1.61
2267.10 1.61
2268.00 1.61
2269.44 1.61
2269.77 1.61
2270.70 1.61
2271.20 1.61
2274.59 1.61
2274.26 2.11
2279.97 1.61
2292.46 1.61
2293.86 1.61
2294.39 1.61
2294.29 2.15
2295.18 1.61
2299.10 1.61
2305.58 1.61
2312.12 1.61
2315.93 2.06
2316.85 1.66
2316.56 2.06
2320.92 1.61
2320.97 1.61
2323.25 1.61
2326.10 1.61
2327.70 1.61
2328.71 1.61
2328.87 2.10
2331.11 1.84
2331.59 1.76
2332.28 1.61
2335.84 1.61
2338.64 1.75
2338.78 1.75
2342.30 1.61
2344.21 1.61
2345.20 1.61
2350.10 1.61
2350.21 1.61
2352.84 1.61
2352.89 1.92
2353.83 2.06
2354.39 1.96
2358.69 1.61
2359.26 1.61
2362.71 1.70
2363.99 1.61
2365.99 1.61
2366.85 1.61
2370.27 1.61
2370.56 2.03
2372.34 1.61
2377.02 1.61
2377.23 1.61
2377.54 1.61
2379.75 1.93
2380.50 1.72
2383.68 1.61
2393.16 1.61
2397.43 1.61
2398.66 1.61
2398.81 2.08
2399.30 2.15
2402.83 1.61
2405.36 1.61
2407.06 1.61
2408.00 1.61
2409.06 1.61
2409.34 1.61
2410.53 1.61
2411.00 1.61
2411.56 1.61
2413.06 1.61
2415.12 1.61
2416.45 1.61
2416.97 1.61
2420.69 1.61
2422.12 1.61
2424.65 1.61
2424.68 1.61
2425.11 1.61
2425.93 1.61
2428.15 1.61
2429.25 1.61
2430.83 1.73
2430.95 2.07
2431.27 1.95
2436.30 1.99
2437.05 1.61
2440.81 1.61
2440.87 1.61
2443.48 1.61
2448.42 1.61
2449.12 1.61
2450.72 1.61
2454.91 1.61
2457.21 2.10
2458.08 1.94
2459.31 1.61
2460.45 1.91
2461.28 1.61
2461.86 1.61
2464.16 1.61
2464.34 1.61
2467.01 1.61
2467.94 2.09
2471.16 1.61
2478.70 1.61
2481.35 2.15
2484.87 1.61
2485.78 1.85
2492.33 1.61
2493.52 1.61
2493.18 1.98
2494.34 1.61
2497.34 1.61
2497.73 1.61
2499.08 1.61
2502.57 1.61
2503.46 1.90
2503.85 1.90
2507.63 1.61
2509.60 1.85
2514.80 1.61
2517.86 1.62
2519.36 1.61
2519.97 1.61
2520.59 1.64
2525.15 1.61
2527.81 2.08
2529.14 1.68
2532.03 1.61
2536.46 1.61
2536.68 1.61
2537.01 1.61
2539.30 1.61
2542.81 1.61
2543.30 1.61
2547.26 1.61
2549.66 1.71
2551.36 1.62
2552.40 1.61
2552.51 1.61
2553.77 1.61
2555.13 1.61
2557.14 1.61
2557.68 1.61
2559.08 1.61
2567.70 1.61
2568.35 1.61
2570.18 1.61
2571.24 1.61
2572.72 1.61
2575.80 1.61
2578.29 1.61
2579.76 1.61
2580.27 1.61
2580.99 1.61
2586.44 1.61
2588.35 1.82
2589.22 1.82
2590.84 1.61
2596.16 1.61
2597.14 1.61
2597.42 2.09
2602.05 1.61
2606.06 1.61
2606.92 1.61
2608.66 1.61
2612.21 1.61
2612.61 1.73
2614.12 1.61
2619.73 1.61
2621.12 1.61
2623.26 2.12
2626.26 1.61
2626.16 1.75
2628.31 1.61
2629.82 1.61
2635.07 1.61
2637.36 1.61
2639.46 1.61
2640.39 1.61
2641.68 1.61
2642.73 1.61
2642.82 1.61
2646.76 1.94
2647.13 1.94
2648.17 1.87
2649.64 1.61
2652.67 1.61
2654.54 1.84
2658.96 1.61
2659.20 1.71
2659.32 1.61
2663.08 1.61
2664.25 1.92
2669.66 1.61
2671.74 1.68
2672.42 1.71
2675.88 1.61
2675.45 2.06
2676.07 2.06
2678.46 1.61
2678.84 1.61
2680.05 1.61
2681.99 1.73
2682.63 1.61
2685.70 1.61
2687.20 1.97
2687.93 1.61
2689.41 1.61
2691.51 1.78
2694.93 1.61
2696.60 2.26
2697.63 1.61
2697.39 1.89
2697.15 2.28
2699.99 1.92
2708.36 1.61
2708.64 1.65
2712.65 1.61
2712.67 1.61
2715.48 1.61
2717.05 1.61
2723.73 1.61
2725.73 1.61
2727.77 1.61
2734.90 1.61
2738.11 1.61
2739.22 1.61
2741.87 1.61
2746.40 1.61
2749.01 1.61
2750.62 1.61
2752.65 1.78
2755.42 1.95
2758.47 1.61
2758.80 2.10
2761.00 2.03
2763.87 1.61
2764.27 1.61
2769.36 1.61
2770.26 1.61
2770.42 1.61
2776.81 1.61
2779.76 1.61
2780.28 1.90
2780.67 1.90
2784.46 1.61
2787.26 1.61
2788.25 1.61
2791.59 1.61
2794.88 1.61
2796.45 1.61
2799.47 1.61
2799.73 2.07
2800.37 1.61
2802.15 1.61
2803.35 1.61
2804.29 1.61
2806.45 1.61
2808.82 1.61
2809.09 1.99
2809.25 1.99
2811.10 1.61
2811.42 1.62
2814.34 1.61
2816.73 1.67
2818.23 1.75
2818.11 2.17
2818.70 1.61
2819.44 1.61
2824.98 1.61
2825.90 1.61
2827.05 2.01
2827.61 1.61
2828.82 1.61
2829.02 1.61
2830.72 1.61
2831.68 1.61
2832.96 1.61
2834.13 1.61
2835.47 1.61
2838.97 1.61
2839.25 1.61
2843.54 2.25
2843.76 2.25
2844.79 1.79
2846.89 1.61
2847.48 1.61
2850.67 1.61
2852.86 1.61
2853.77 2.24
2854.40 2.31
2856.34 1.61
2858.74 1.61
2860.24 1.61
2860.79 1.87
2863.29 1.61
2865.59 1.61
2866.52 1.61
2869.80 1.61
2873.07 1.61
2873.25 1.61
2878.63 1.88
2879.79 1.88
2884.55 1.61
2886.33 1.61
2888.81 1.61
2891.41 1.61
2893.30 1.66
2893.78 2.00
2899.10 1.61
2900.91 2.18
2901.48 2.33
2907.26 1.61
2909.51 1.61
2911.73 1.61
2915.55 1.61
2916.71 1.82
2919.33 1.61
2921.03 1.61
2922.04 1.76
2924.19 1.61
2931.47 1.61
2932.56 1.61
2932.63 1.61
2933.60 1.61
2933.77 1.61
2934.70 1.84
2934.87 1.69
2935.12 1.84
2937.64 1.96
2937.84 1.96
2939.51 1.61
2940.62 1.61
2940.67 1.86
2940.90 2.23
2941.38 2.25
2941.96 1.94
2942.75 1.61
2944.14 1.61
2946.13 1.61
2947.22 1.61
2950.37 1.74
2950.84 1.74
2952.67 1.61
2955.55 1.61
2955.87 1.61
2955.91 2.38
2957.70 1.61
2960.92 1.61
2961.21 2.15
2962.74 1.61
2963.53 1.61
2966.34 1.61
2967.26 1.61
2970.43 1.74
2971.32 1.61
2972.01 1.61
2972.18 2.10
2971.69 2.63
2972.98 1.61
2973.51 1.61
2973.94 1.61
2973.56 2.18
2976.35 1.96
2978.18 1.61
2981.30 1.61
2982.40 1.61
2983.71 1.61
2984.47 1.61
2985.55 2.07
2985.64 2.07
2987.16 1.61
2987.26 1.61
2989.26 1.61
2990.06 1.79
2991.21 1.61
2992.92 1.61
2994.65 1.61
2999.80 1.76
3000.13 1.61
3009.58 1.61
3009.83 1.61
3010.88 1.61
3012.05 1.61
3012.11 2.08
3012.86 1.61
3013.90 1.61
3014.71 1.61
3016.79 1.61
3017.58 1.61
3018.69 1.61
3020.93 1.84
3021.27 1.61
3022.85 1.61
3023.21 1.61
3025.42 1.61
3026.10 1.61
3027.17 1.65
3027.21 1.65
3028.08 1.61
3028.88 1.61
3030.63 1.61
3034.14 1.61
3038.52 1.61
3040.33 1.61
3042.22 1.61
3043.53 1.61
3044.11 1.61
3049.18 1.61
3049.90 1.61
3050.11 1.61
3052.42 2.34
3052.59 2.34
3054.39 1.61
3054.65 1.61
3058.81 1.61
3064.19 2.03
3066.59 1.61
3071.77 1.61
3073.10 1.61
3074.36 1.61
3076.47 1.61
3077.35 1.61
3078.87 1.61
3079.82 1.61
3081.19 1.61
3083.16 1.75
3087.16 1.61
3095.31 1.87
3097.00 1.61
3099.27 2.15
3100.30 1.61
3100.38 1.61
3102.45 1.73
3103.77 1.61
3105.25 1.61
3110.70 1.61
3114.20 1.86
3114.68 1.61
3115.70 1.61
3117.49 1.61
3118.32 1.61
3121.55 1.74
3125.11 1.61
3128.37 1.61
3128.92 1.61
3129.98 1.86
3131.43 1.78
3131.34 2.03
3132.03 1.61
3132.58 1.82
3133.45 1.82
3136.03 2.15
3137.36 1.61
3145.50 1.61
3145.86 1.61
3146.82 1.82
3147.06 1.61
3147.15 1.82
3147.50 1.61
3147.97 1.61
3148.12 1.61
3151.09 1.61
3153.34 1.74
3158.13 2.13
3163.41 1.61
3164.56 1.61
3164.69 1.61
3167.41 1.61
3168.42 1.61
3169.50 2.35
3171.37 1.61
3172.62 2.15
3173.83 1.65
3174.84 1.61
3175.77 1.61
3177.12 1.69
3181.37 1.90
3183.21 1.61
3184.39 1.61
3186.04 1.61
3191.93 1.61
3192.19 1.61
3195.31 1.61
3195.83 1.61
3196.45 1.61
3196.82 1.67
3196.68 1.91
3197.76 1.61
3200.75 1.61
3202.89 1.61
3203.49 1.61
3204.80 2.07
3205.42 2.07
3206.82 1.61
3206.90 1.72
3207.33 1.72
3207.71 1.61
3210.17 1.74
3211.43 1.61
3211.20 1.84
3214.74 1.61
3217.13 1.61
3217.64 1.61
3219.15 1.61
3223.09 1.61
3224.28 1.61
3226.03 1.61
3226.74 1.61
3226.83 1.61
3227.92 1.61
3239.23 1.61
3241.66 1.65
3242.18 1.65
3245.16 1.61
3249.43 1.95
3253.14 1.61
3253.55 1.61
3254.23 1.61
3256.30 1.61
3258.89 1.61
3258.16 2.58
3258.21 2.58
3261.11 1.61
3261.79 1.61
3265.35 1.61
3268.22 1.61
3268.10 1.79
3269.24 1.61
3272.68 1.61
3275.34 1.80
3278.24 2.13
3279.71 1.61
3280.13 1.61
3280.81 1.61
3281.17 1.61
3283.76 1.80
3285.04 1.61
3285.51 1.61
3296.48 1.61
3298.97 1.61
3301.02 1.61
3304.34 2.02
3304.74 2.02
3306.53 1.75
3311.15 1.61
3311.37 1.61
3313.01 1.61
3314.60 1.61
3319.47 1.61
3323.38 1.84
3330.10 1.61
3330.50 1.61
3343.53 1.61
3344.96 1.61
3346.43 1.61
3347.71 1.61
3348.21 1.61
3350.18 2.10
3351.60 1.69
3352.22 1.75
3354.37 1.61
3354.71 1.61
3355.79 1.61
3358.93 1.61
3360.34 1.61
3361.86 1.61
3363.02 1.61
3364.64 1.61
3366.81 1.61
3368.74 1.61
3369.86 1.61
3370.65 1.61
3370.93 1.61
3375.06 1.61
3378.81 1.61
3380.62 1.61
3380.94 2.03
3382.66 1.61
3382.91 1.61
3388.36 1.61
3389.44 1.61
3390.93 1.61
3392.37 1.61
3393.04 1.61
3406.71 1.93
3410.15 1.77
3410.51 1.61
3413.14 1.67
3415.87 1.61
3416.95 1.61
3418.72 1.61
3419.38 1.61
3428.93 1.61
3431.63 1.61
3434.28 1.61
3436.34 1.61
3440.22 1.61
3442.77 1.61
3443.15 1.61
3443.51 1.61
3447.39 1.61
3449.41 1.61
3452.14 2.08
3454.17 1.61
3454.43 2.04
3458.66 1.61
3459.71 1.61
3466.28 1.92
3467.74 1.83
3469.87 1.61
3474.28 1.61
3475.44 1.61
3475.86 1.61
3477.48 1.61
3478.46 1.61
3479.31 1.61
3481.63 2.02
3482.05 1.72
3482.29 2.02
3483.02 2.20
3483.79 1.61
3484.37 1.61
3486.98 1.61
3488.81 1.61
3489.28 1.61
3490.84 1.61
3492.72 1.61
3498.33 1.61
3500.19 1.93
3501.09 1.61
3503.25 1.61
3504.35 1.61
3507.21 1.61
3511.95 1.61
3514.21 1.61
3515.01 2.24
3524.09 1.61
3528.23 1.61
3528.51 1.70
3533.48 1.61
3536.16 1.88
3536.51 1.61
3539.46 1.61
3543.16 1.61
3543.67 1.87
3544.07 1.87
3544.38 1.65
3545.15 1.70
3547.83 1.61
3547.83 1.61
3549.54 1.73
3549.66 1.61
3552.16 1.61
3552.25 1.61
3562.24 1.61
3564.57 1.61
3565.78 2.44
3565.90 2.45
3570.62 1.61
3571.80 1.61
3574.47 1.61
3575.14 1.91
3577.07 1.61
3580.46 1.61
3584.03 1.61
3588.27 1.61
3590.91 1.77
3594.32 1.61
3595.33 1.61
stripe avg: 18.0335685818
write avg: 2.77371711744
inClusWrite avg: 1.82038694821
